📌 Index data yang termasuk anomaly:
[202 203 260 261 262 263 308 309 310 311 312 313 314 315 316 317 318 319
 320]
📌 Data anomaly:
[[[0.31578947 0.7027027  0.68       ... 0.68       0.64       0.6       ]
  [0.14736842 0.56756757 0.64       ... 0.68       0.68       0.64      ]
  [0.24210526 0.54054054 0.64       ... 0.64       0.68       0.68      ]
  ...
  [0.16842105 0.16216216 0.28       ... 0.72       0.6        0.6       ]
  [0.29473684 0.2972973  0.36       ... 0.28       0.72       0.6       ]
  [0.18947368 0.27027027 0.36       ... 0.36       0.28       0.72      ]]

 [[0.14736842 0.56756757 0.64       ... 0.68       0.68       0.64      ]
  [0.24210526 0.54054054 0.64       ... 0.64       0.68       0.68      ]
  [0.31578947 0.56756757 0.64       ... 0.64       0.64       0.68      ]
  ...
  [0.29473684 0.2972973  0.36       ... 0.28       0.72       0.6       ]
  [0.18947368 0.27027027 0.36       ... 0.36       0.28       0.72      ]
  [0.06315789 0.18918919 0.28       ... 0.36       0.36       0.28      ]]

 [[0.47368421 0.78378378 0.6        ... 0.6        0.56       0.48      ]
  [0.46315789 0.78378378 0.64       ... 0.6        0.6        0.56      ]
  [0.67368421 0.91891892 0.72       ... 0.64       0.6        0.6       ]
  ...
  [0.25263158 0.43243243 0.48       ... 0.56       0.52       0.64      ]
  [0.05263158 0.08108108 0.24       ... 0.48       0.56       0.52      ]
  [0.02105263 0.05405405 0.2        ... 0.24       0.48       0.56      ]]

 ...

 [[1.         0.81081081 1.         ... 0.6        0.6        0.32      ]
  [0.27368421 0.78378378 0.6        ... 1.         0.6        0.6       ]
  [0.36842105 0.78378378 0.64       ... 0.6        1.         0.6       ]
  ...
  [0.36842105 0.7027027  0.72       ... 0.68       0.64       0.68      ]
  [0.52631579 0.83783784 0.8        ... 0.72       0.68       0.64      ]
  [0.31578947 0.75675676 0.76       ... 0.8        0.72       0.68      ]]

 [[0.27368421 0.78378378 0.6        ... 1.         0.6        0.6       ]
  [0.36842105 0.78378378 0.64       ... 0.6        1.         0.6       ]
  [0.35789474 0.75675676 0.64       ... 0.64       0.6        1.        ]
  ...
  [0.52631579 0.83783784 0.8        ... 0.72       0.68       0.64      ]
  [0.31578947 0.75675676 0.76       ... 0.8        0.72       0.68      ]
  [0.25263158 0.7027027  0.72       ... 0.76       0.8        0.72      ]]

 [[0.36842105 0.78378378 0.64       ... 0.6        1.         0.6       ]
  [0.35789474 0.75675676 0.64       ... 0.64       0.6        1.        ]
  [0.32631579 0.75675676 0.68       ... 0.64       0.64       0.6       ]
  ...
  [0.31578947 0.75675676 0.76       ... 0.8        0.72       0.68      ]
  [0.25263158 0.7027027  0.72       ... 0.76       0.8        0.72      ]
  [0.12631579 0.56756757 0.68       ... 0.72       0.76       0.8       ]]]